0.18865938351008388
-0.42475664968882276
-3.617062614329181
-1.0435678945767384
11.67768303185282
-0.3642470458600762
-0.5452110302272221
-2.8101830960855936
0.8971877062007086
0.3044206681589459
5.653068878374943
-36.54147061684149
-0.4685878624705893
-5.635638622024624
1.3618406860937584
28.15932155601884
-0.716399521561362
-0.7253433161235356
0.526104094289961
-2.838114456320074
26.48378922402461
-0.023406291238972324
-1.0641911714558123
0.0985308769459581
-0.32164629844971165
-1.420970412046268
-0.6043814513928437
0.34027990572018163
-0.6098722221491114
-0.47722187707795866
-1.3187011358284815
-0.942159111186772
-0.11140762517304911
0.0436244348311345
1.252990846123809
1.1139147723025995
0.19762428496044673
-2.1056674162204825
4.978909501804975
0.2787217907066854
3.291207831045124
-1.1685619396469524
-4.874208244642583
-0.5665771694847663
-3.8957605592871234
0.600862465897453
0.7828600093582453
0.6960033898875423
-1.8655518230638626
0.556060606997071
0.3096738859283293
-1.2747402496901348
0.9478438745645746
0.6218206379941418
-0.8098378044568836
-0.858894937174169
-2.6343356826500353
-1.4280118212462862
-1.9209771795794015
-0.2541854738027112
4.090207942248713
-0.9118064879103497
-1.7971670376922702
-2.4397801915041084
-5.567042623505088
-6.698436465051891
1.5622502213598628
3.7542545739657713
-0.3740148421966565
-7.6164026918843035
-1.3398646264158327
1.1373005709409267
1.8855699792146654
0.3460861851793241
-0.9074574134447515
0.1111174114133349
-6.561922429879363
-1.64163451441029
-1.9071862155921235
0.2747919113350828
-0.6311977982432934
-4.67166006686301
-1.032395290579179
1.49068580580623
-0.07515375407615722
0.10720151088004036
1.9484583670717182
-0.49170258199064004
-2.239503130492682
2.609957088661304
0.13494252629842723
0.038342947963745294
-2.531157981651309
-1.3305793217897794
0.002647752443010001
3.9532118682259525
0.24254860918652543
-0.2032862799776836
0.6145087729017606
0.007504395270641124
-0.27064165609777296
15.401640374406714
-2.7660252574147446
-0.12353792059862338
-2.266626869579209
0.3603601248731092
7.913114404904288
2.660703546527473
-1.0863876269418093
26.684684118792465
0.09652983678768626
-0.49425306779952577
2.9049563752036662
0.37557692141578347
4.392212744043146
-1.9243318600268864
2.577182763382503
1.0757221098915408
-4.518181748762599
-7.936736347738321
-0.16834609586372273
0.3687343201904867
0.3725875431409455
-1.692545288237515
1.3090280626871895
-1.7618079981270023
-1.6022186917937278
-0.0015567946930913664
-0.7806213624567506
1.8135854391359565
3.86810960799432
0.3346949181084449
0.4617772887517273
-5.022832879269503
-0.2621302550888458
2.1536918989209903
-0.018395386072849833
-0.5093326606687019
-0.24108386171116292
-12.639533091571264
2.877781938366627
0.06152085107636376
1.557581737245029
-0.5515037987673418
1.0608013441047253
-0.760439407276931
-1.6728870116703436
0.739253485971655
-2.6269308016887467
-0.5460958207019095
-1.369472063104456
0.9183245428017756
-0.3214140884445157
-0.21804111873208243
-2.842428857568837
202.33748278941252
-0.5881894118117004
-0.8009584258394968
1.1486222615983328
-0.8689648793604922
0.4558295666319503
1.954165286726948
-0.5995511775080788
-2.291825333809211
1.6819289016223555
0.7946491388630577
1.1276713985358904
1.3037381983739926
-0.25897487619991116
1.0829062641131495
-0.04629472778256718
-2.3066965254009912
2.3294625134199682
-5.66299739663121
-3.886007888835129
-0.41535685537541245
1.325285201532023
0.20365673945604662
1.580326947130739
-0.29112082502287495
-0.435809666154927
0.07184039483035454
0.6307026777488206
-1.7696918026836623
1.3742178575890172
-0.14234707217419645
-0.016672587207695405
9.330658496894742
0.07641363820394585
-0.1424954139817468
-0.10164728988462593
0.21443589609172758
1.3643523257103767
-2.135784095197482
-1.0537466387895038
-0.5193171157816832
-0.576021751461928
0.3065874355277087
0.4806502112350665
1.0922331698846701
0.08948652174672149
0.15097573856505936
1.3578541179781745
2.185339280126947
8.763389922152617
4.701775670063735
0.6802125979518907
0.13825336951782416
-1.3769315468263033
-0.750858137696209
17.933804220301898
-0.14175109098822322
-0.8037535919014968
-0.5457197425770618
0.25469238387348975
-0.39157457214189123
-14.159935139080165
-5.786627658077732
-1.891757318277448
-0.32929981149032134
-0.15357497455659228
-1.0501321933540981
1.222031892294803
0.20169247658415704
-1.290368792830386
1.2776227355940362
0.9342740246222516
-4.939750589207378
-0.6572977250754735
-0.19070134187173038
0.785006186220909
-0.043992266128609625
3.335985939346262
-0.8073984838439852
0.6281597766081864
-22.004378198998644
-2.5339014670333104
-0.20539761346820318
0.13641160144049025
0.8200051538617155
0.4788944340829733
5.199814953160155
-0.9565013616980068
7.425462308941235
-1.8054502064342375
-0.47806550958456223
-0.2030545298251823
0.020340538393786307
-41.50583858911292
0.11955421819199091
-31.235300069848137
0.04989457402243282
-0.5418258302773975
-0.24897461793496348
0.6899748888930207
-2.7731171690710834
4.328752657085858
3.9133644715597073
0.813977791445852
1.9145923921576298
-1.078286793331826
0.6167131380366176
0.3180354480636826
4.44632304544427
0.2709069990941002
4.649077048577278
-0.2092349115417443
-0.5156626875810526
0.7263616799733194
0.5326482459548656
0.33765139345532424
-2.6521970174105136
3.9209904009918537
-0.8333999113857243
0.4092923190827285
0.7356364243831008
0.8014778427237862
0.006638311865226632
0.04644727481753217
0.41597501578768803
-1.443036890684862
0.1826253553827306
-6.276801220866101
-2.5381269971119287
-1.620470496832258
-8.826469240968368
2.3737978431741182
0.3963729971969987
-0.7556700379043307
1.9373392354988912
-0.9145338712518674
2.8805083737438473
-1.0336163466942572
4.2040563585201065
1.1929012409393212
-10.792326511402292
1.1116719545760778
-0.3556928426158901
-0.2553284910702059
1.2250693102561592
-2.0553927119282966
-0.2591770079497873
0.5752319591734836
-3.037292182343187
8.03892665757629
0.45035810836105583
-0.665615404182284
9.21890917060087
0.5062598512088552
-7.050394292481601
-0.1595585204986239
0.4009124770847085
0.5445654193859556
-3.5820766689859678
-4.1599682921962495
0.7190791353387965
0.05187746016600905
-1.202272307959365
2.0581865395625365
0.05891411129810237
-1.1175730532922519
0.26375560204514803
-0.11938385791414996
-32.10037318225876
-1.4986239081675652
2.148040127043606
4.643157706795151
0.598907617088341
-1.1049092257050452
4.437149985835548
-2.4340110544545155
-0.9474421007671374
-1.2488924447716256
6.789593028098222
-0.6083587903093153
0.06955900695322463
0.7593826342269743
-4.740581770427803
-0.9896164193457447
-0.966698171784144
1.7583392913593914
-0.31420844749778154
0.17939285791571097
0.42991022433819454
-0.41903907778559274
2.1086933799771095
-0.11867547363974378
0.4502258870260275
-8.011482647152238
-143.430138687831
-1.978958395976113
1.7383859993891122
-0.026598049198923477
-3.1866738911763157
-0.2845229958809349
-6.259591104046065
0.3524961325822342
-0.2732845726266514
-1.2275573422680242
-1.8504697704866837
8.592856408222177
-2.430428488016468
0.36281153089817797
-5.979118567658327
1.6391513481471522
0.45127060217937753
-0.6864885767706089
0.3421281315466382
-6.521718217644351
-0.9062265885663741
-1.7365196416295212
0.1918058030088137
1.2700697041297477
-0.6680698509180125
0.07134807223472396
0.18244516122420826
-0.09956095425020262
0.6724921482146298
0.2683577692182603
-87.96252781085217
-0.6262158150056476
-1.2951478062221917
-1.2447039396388542
-0.7949321924100626
-0.9835255341646252
-1.2017661160292374
0.45446012981059625
1.4433549972664523
1.0154467054175178
1.4780166273945214
-3.544121617419608
0.10621343769441721
0.8229662027065787
1.447689670737116
-1.0726691898622234
-1.6951306084475612
0.3029548394468098
1.0650456546367364
-1.1819957265052414
1.1392958476142714
-0.2876828398343946
-0.20806308895720024
-0.22868035159630912
0.6164510296192113
-2.0837822901107916
-0.8327779446757636
-1.5928429821593548
121.98857698846612
0.4399753085064092
-1.4894225762108904
1.6806889635418785
-1.842193333677313
0.5684352345243032
6.5283211863613895
-0.07035207687303914
4.071956716049745
-0.5074522870293059
1.521314089557162
-2.117367029782111
-64.17291057710679
0.8322316969856566
8.36386274809248
-2.60758631331744
2.4129637444849035
11.321611336969067
-1.0188169184093436
0.4663925847182511
-1.0921392175318834
-0.897119152259676
0.7309263634878895
-8.10205287119651
0.24856228856286425
-0.7900315871450505
-3.0724738889194185
-1.251968438608928
-0.009953171271657802
-1.4358201541937063
4.449558815386464
-15.849026166994964
0.693556712569319
1.3159592005434075
0.03958867923193487
0.1472086539467887
-1.00836121578142
1.8566708915257373
0.6061512641561647
-0.6336235421030555
-5.8584416687404754
-0.8432798144552723
-0.17401047277055398
-5.705333585291802
0.7502320695898705
-0.2645503382060545
1.5010474465447556
5.546096869474472
1.8860052366306328
-1.4976919232490804
0.8571735782645511
0.30762614075475503
-0.6616958164302612
1.8213129715029934
-0.7397116471492802
0.2061877006295113
-12.716103591418278
4.873496119182509
0.42152785394160935
-0.4369431175060767
2.0378865423988937
-0.014201676442543321
-0.7255227751782002
-0.4934346214593023
-1.8448150388702234
0.3053083731218888
0.790203346418571
-0.4194150169915714
-1.165247239686007
14.887331364137243
-22.19971449821177
0.03163256257899526
-0.870763624986091
-0.37253021681205123
0.049708639079262484
-4.3630960076548195
0.4661230666960457
0.4364540446804592
0.18283053563366347
-0.31336493498627
-1.3036482711057265
0.5244347708855918
-0.6711028431873156
0.8257248237293489
4.084248165798926
-0.6587654479925104
0.05542492421124242
-0.1836208013986724
0.7050239552287996
0.9479641617661145
-1.106747155418521
0.09578022842038984
1.2719403981485773
2.0071590005896964
-0.07387091832479936
-1.308613816391906
-39.59565576054653
-3.0513669872813
0.20382652034623025
-0.26236720908853806
1.39423667807793
-0.5653005792119133
-21.836010819923256
-0.20266333210505738
-1.7375488929737108
1.4601721676611303
66.86413792528131
0.30340405818983307
-2.796787160952341
0.46637778876396496
-65.18679136537736
-0.3626565412019793
-1.5789865728422945
0.2698845466444792
1.4111796273638548
-1.0557844398902414
-4.572261262066054
-1.2378376010073113
1.8631259801734246
-1.4273919789679288
-4.334523018222524
0.6608009904766903
0.943219429502568
-0.061161350366726625
-0.905040745807869
0.011752264449503638
-0.08074440139137792
5.268923153891153
-0.43604517787143204
139.12385294539067
0.6290950679576071
0.20721174989178068
0.4204484375108931
2.124540122152173
-0.971585532473025
0.7258596123249801
-3.1319557481984983
-2.9036324837537038
-2.5457222339356496
0.3418172736121965
-5.051825156915618
-3.190708833017099
2.45684790062658
2.1483950204226043
1.4043820148458006
-0.4257836651760467
-6.402797763818448
5.36557735956965
-3.2825879345506572
1.1254296223814555
-2.861613932455851
-0.21333451824514008
-2.3476243265982335
-2.8881445915122494
1.5540338118528412
-0.8720856430316108
0.952998679120662
0.23500469458073575
6.877242983322378
-0.09021102993611248
-0.5913924921441353
9.888218005174773
3.373312462305476
1.5707692313665058
-0.25703403415069886
-2.163377379726939
-0.3250883105486935
0.06254271003428866
0.5911217294675938
-1.3590303684032352
-5.778206574146375
0.4511729505549184
0.9418547465419888
-2.344755413732726
-0.5572973497143665
0.09156739146581716
0.04789337772816518
0.7299164482077586
-1.802487243136181
0.45765517078439916
-0.03448072928705758
1.6265362245345765
5.1834836087478635
1.6231510393436235
-0.04310815684249927
-1.3336766128763118
1.4886300413690006
-0.1552293827823895
-0.6146603515854131
-0.5601907908949788
-39.61660181213448
-0.7101335292130299
-2.1494504967000077
1.477238846854858
0.45880002955037336
0.6606747118094524
0.4944346069543683
-1.7025674918610447
-0.6770523797760026
-0.3954378325665924
-7.7716062514588025
-0.6171811569862854
-0.02193692835549616
-1.3126610505864185
1.8315389290337707
0.7765392387511806
-49.08228602689855
-0.7351039464729607
0.1009173635094093
0.44665094485198586
0.7808860129463411
0.06803305196353093
-0.2966904636450507
0.3099526963579882
-1.9050814527976303
-0.2410932190368691
-0.37156698693173273
-0.41750330404624175
0.6991573730925923
0.2110102213902566
-3.666361565638681
-0.7761635745964719
8.697432331635918
-3.4140772013802865
-0.02379265963835971
-1.0645222689233482
1.7766158311783797
-1.4233742183795581
0.21372148997639573
-1.577872825317395
-1.3260891976370277
2.523378918495514
0.930601656793736
-3.1395058134961444
0.17409737188921076
1.732592225366637
-10.562691088404454
-78.19064150044163
1.4710836428085141
0.23249579744386645
2.4478009739006654
-1.0791102562279378
8.646082802126209
0.3770261665125947
-0.003219931957789069
2.9254866932737555
-0.9043769382005642
-2.878944320777988
6.657992939823665
-3.0712222116626835
-2.479728168608514
0.25606554376138657
-0.7917732704134194
2.305073455892348
-0.45701502338191957
0.11866831473088427
168.7415751147478
0.27514324678955193
1.5349282154829855
-12.632390234784923
0.07140177279989657
-0.6961278374699738
0.502786864110706
-3.276200348167199
0.6668687466414465
-0.15552784554995558
-0.47282994257931676
-2.1211588086258346
1.2147072440978204
-0.6145829870153872
-0.309795163564875
-0.6285747742513376
4.544063695675936
-2.193502223890354
-0.39192758114616005
1.0606288187296975
-3.667973961884325
1.6662348867727486
0.38393318410321453
1.9463146617238432
1.947540012600784
-1.930630794080689
1.6613354305945234
-3.7226788209445623
0.9217165626154605
0.0016628495406957378
-0.28959686070542473
-1.3427886620732674
0.8301272175790728
-0.6852373606684067
-3.7736303421236697
0.014678323219732803
-15.09159922709443
-0.8045506061121797
-0.5606575162681472
0.566611785363577
-0.8601697245736413
-1.0328702174364743
-1.393103163708654
-0.20309366229763756
3.3057635459107786
-3.5281671966380923
1.1711086589730821
0.26124138489237564
1.2582128338925567
-2.408271014704806
0.9880078885833844
-5.519903271719399
-0.07350334700859858
3.314274959328564
2.064721965513294
2.3166032385531548
-0.22006365734986386
-3.650018339924181
13.967433170825808
-9.107594932985526
-2.939161033183809
2.344942605342956
-0.2821063544401821
-1.1571134331583828
1.2372895768737857
-0.23661455580340757
1.0453230586294942
0.6537882662740452
-1.8229495751473452
0.25278234596349874
1.7440381285224287
-0.43723828897305167
0.6141005190331454
-0.0773726409029662
4.581578868150913
144.94462080838795
2.1959011198544056
-0.05019691598015049
0.7502211260293523
0.3938830332570475
0.2211613113553525
-7.985919074451789
-0.7971601460927213
0.6509799228997305
1.1306182153901654
0.006595583645690081
-5.0673344053603095
0.09171466521083815
-3.0745450257480647
39.255681214328355
-0.09224578331177243
-0.6817482648993002
1.7340632304833978
-0.5925225426799173
-1.1865677217326074
2.969801280844871
-0.7256617173343479
1.2966456526088153
-2.1028721035398754
17.35541527658829
1.9588627819903195
-0.38441982320596857
1.0216595893216054
1.2795147454315743
-0.9480068042505703
-9.120977299082604
2.3392644421477065
-6.539584144885768
-7.167695689622539
-0.7634376626990604
-0.1490125797315273
0.6553929049936572
1.121916843783428
-1.4685754814086316
25.423769074644348
-1.6862213962558372
-0.385929072640069
2.240273256503074
2.731116448813761
-0.9521637631898562
0.17496818310277706
2.4525296458092214
-0.2983179795919546
0.9068480765081361
0.10998476289533198
-1.117668881097934
2.9917547182416087
0.7055198178093698
-1.6275229225223804
-0.6870374002294432
0.39514706109494074
21.25657449697221
-0.8633385385248951
0.27939311191262206
-0.19616950821243684
0.03216972275025704
2.2246596013221427
-0.19667222814030103
-0.5665278231148408
1.3462519326957034
2.142248855154771
-0.8690463691773
0.5071053034629959
0.6204233784292422
3.0430410485872037
0.7217144767190556
0.3550579397376177
0.777257400136519
0.8067154109567428
-0.9514918477083348
-7.286609117491028
5.639807743676337
1.3097207353490778
2.0516471755824517
1.2226789859752982
1.3367248846660076
0.30461596079929126
0.7250112484476405
-2.361693486012401
1.950220301650052
-1.1745143954484583
-143.09004507687493
2.616733171485637
-1.0969242576488234
1.6642598244325268
-1.4390539035055252
8.397747596814098
0.9874643139959441
-1.2794648592888243
0.32102509311899896
-0.08357866469769651
-4.8634110846489795
-2.280927230445532
-1.5267746791006078
-7.681467102990771
-1.2710165610390562
0.10146223832346607
-0.4904250079126631
-2.586355205217848
8.922878528499087
-1.0015170929619552
0.9138178844633728
53.46937560574073
-0.9295908683622349
1.8803741106390406
-0.2903123892204342
-0.5710783195168105
-0.4003414290554067
0.1357208293671612
16.0842979580637
-4.662572458744336
1.1000120377061797
-0.3750133263269695
2.333111087391604
3.582992636930309
-5.948746713705655
-1.7299190941131641
-0.007550193269481927
0.4896362014937461
-3.0915623564450865
2.6749410431248783
-0.39985700629952764
0.9111279706520157
0.037765643018324885
0.42890739952005535
0.9585076522348913
1.4539400920957566
-0.04101514102837952
0.6795402711857709
0.419759893449684
-0.409614857042002
0.032541570713605014
2.0193472533648675
0.7068173507243249
-0.009083779423856837
0.5740830995166613
1.142972337846737
8.413282287101467
-0.0986942864376787
-0.3034858741701155
-1.4374998787416975
-37.831449744454446
-0.7068371041535123
-0.39220317518545394
-2.5082689747886118
2.3868854109897875
-0.4344950002225562
-0.03679625164322606
-0.6832509304446832
1.5193918370961428
0.3792793635416271
1.165635720878391
-0.39642154342033903
-4.668406498709802
2.8880781390586017
-2.022230424932862
-6.713881546284005
0.977768472156009
-0.7835921955272206
-0.6411570378341428
0.06830208115963443
24.002023515092727
-0.7068153049560904
9.793511308489788E-4
-0.0966724175481598
0.4711554130160043
0.07891195069144302
-1.2013111285288214
0.5570740529270454
-1.4052341426678467
-8.219236205033582
-1.2835082044303032
-2.3271477818322257
-0.530965623126569
0.06597739663226067
-2.2469103954108545
-1.1498683813593182
-2.4736536387794805
-17.930922328436022
0.7698296777173987
1.1051751932486615
0.3730189774322062
-0.6408626086120357
2.6427766519661575
0.06748445386808771
1.18509776081043
-1.8370479520362142
-8.32449043582674
-4.909726246223358
-7.982706299902554
-3.0113257015234938
0.19613990899816858
1.004181769883826
-0.3237343848585192
-0.07693013528731434
-0.09083766245758972
2.2827163084056052
-2.5564649035551152
1.26398151710035
0.9174438688410069
-2.579407077914386
-1.7065565190148357
-1.011219209080893
-0.6747062041104338
2.54136486164872
0.21891767803595968
-0.23537624072937216
12.422858237933912
0.1091048007589873
-0.3184010378340724
-1.9485247411067301
-0.4727298663233536
0.9607535067358465
0.4480636619907167
-0.33907711346973884
2.050819584843153
0.12360472325753051
-3.8210586359938157
-0.006558703540764604
-1.4066434614778383
-0.4381415573239217
1.5680120557171828
-1.1931413973395844
-0.8772089291668368
1.1353998823470954
0.8451865890160556
-1.0444429380019158
-1.4760303405895263
-4.327830286240885
-3.3127027182252458
-1.7075245961255523
-1.9267835573921157
0.45819233974846624
0.7359522071889788
2.1909138165990636
-10.412210730125642
2.0405741499827683
0.20596591900602368
-3.272530813868578
0.11607472152155282
0.7668459518339138
1.3596058515981535
-8.41522401780962
2.2196230900420217
-0.03228927601448885
2.7072572000738235
0.5020086471572789
-0.12813363208413814
-1.6202273873551325
0.36460586278388263
0.3760041749160749
-0.16429475944522998
-7.183253993430832
-13.45293197206391
0.9415831503058366
-0.7731978649073217
-8.57540172365627
