0.9899911612557427
0.9926116853984728
1.01628834255085
1.0158910673674486
1.0022455089400655
0.9911284776854918
1.0070505968844148
1.005793242175962
0.9955875355355542
1.0068645953014799
1.0165979318961482
0.9924674313559406
1.002549076440272
1.000342384288152
1.019384652246279
1.0040624635197075
1.00059609896478
1.0267022247741107
1.0102292424438961
1.0036567028708316
1.0387960775384009
1.0072877857354383
0.9871890795534952
1.0100000159844225
0.9960367038421186
0.9955305054676792
1.0127405581151312
1.0216160717762832
1.0002061283662285
0.9995167601422437
0.9908066100649012
0.9840774595177252
1.016673470399913
0.9920299813759916
1.0117175071413673
0.9843441427467865
1.0127458074914244
0.9976519624813902
0.9894278877737132
0.9943708290893022
0.9662399293848949
0.9871308300271404
0.9660477466699181
1.022603513795525
1.0136982889346613
0.9997018589541034
1.0041672555098677
1.0043194785058636
1.0232515080924527
1.0030972503256996
1.0174611793794683
1.0087602435250078
1.0136352889454507
0.9988930850203644
0.9935993356141252
0.9970184037824074
0.9811958872090845
1.000735048488369
1.0099276417780283
0.9973637210163995
0.9820080701677902
0.9881255502685882
1.0246902026677862
1.0028420367583815
0.999558179919906
0.9754990572580384
1.0255980948735057
1.0135590087031454
0.9869468444971544
1.0190822909839032
1.0108308966907285
1.0188935425245833
0.9906956064653728
0.9771988256626645
0.9823776797560234
1.0303924127191009
1.0064702249929804
1.0110872056513982
1.0122023138915115
0.9932460891887457
0.9782985277314961
1.0253118675066786
1.00727659980399
1.0108141040255725
1.0021544222109495
1.0110786405759684
0.9952510596203196
0.9967012847536835
1.0083419018003896
1.0022293370699158
0.9898497613765745
0.9933391151665929
0.9785805616060937
1.0193460156315715
0.9963723032331726
1.009044463579554
0.9681876044895344
1.034494253994711
1.0131986270397502
1.0331362958179777
1.0052680538370704
0.9943395292777535
0.9736485748334799
0.9811572374597956
0.9852560281917946
1.0313633605276724
1.0006874747540926
0.9802018041870496
1.0145478555150922
1.0220037239727833
0.9811388275572634
1.0068488735858148
1.019750208332186
1.0124933306456132
0.9976528800481798
1.0038666996599306
1.0026403318821075
0.9972288051551127
0.9783343860383212
1.0259998378121267
0.9883089421052652
0.9765876536318177
0.9820307997529928
0.9817644511111027
0.9967442800065041
1.0006386556187765
0.9666260484504499
1.0245340062068833
1.017090396126021
1.006334318513428
0.9766467796981133
1.021718413962751
0.9930149793702805
0.9914499864237515
0.9742292014722607
0.9716296543948301
0.9931345535898514
1.011600138450844
1.0013043615272021
1.0183477735886743
0.9924381868778777
1.0158631937736595
1.0160987762206075
0.9948242210507603
0.9814959415927904
0.9897145212533522
1.0012266238302112
1.0058321035199926
1.0210209727519797
1.0207442539668616
1.02338214008083
1.0130123771083652
1.0057890149127733
1.0110595995705214
1.0141245507878764
1.0114752932868243
0.9879159497090444
1.013103659510832
1.015770775381896
1.0079941741181095
0.9999942037870395
0.9864079216126822
1.0024483408253222
1.0223332668285792
1.0080619470435768
1.0025508676484016
1.0051097059755394
0.9948108913090717
0.9780258266203975
1.0103129886858333
0.9876633869894016
1.0202372131056525
1.0102242467060343
0.996273310357043
1.0201423359909563
1.0064251221933482
1.007603799047869
1.010435513462466
1.010219320849613
0.992740628288167
0.9964481391669348
1.0081058759489008
1.0097608558206144
0.9951083794678921
0.9966652138522825
0.9770916665290368
1.0039111883636098
0.9937741132826309
1.0058817473486492
0.9961355848919536
1.019605860882825
1.006841403559979
0.9864056602316458
0.9850505178993509
0.9942988854489752
1.010344839880981
1.0109425745557965
1.0024839953479556
1.0080329675074375
1.006460804653291
1.011268687702903
1.0065344787407209
1.0046882669438446
0.9903523331767841
1.0101771811948221
0.9919081268106786
0.9815769101936602
1.0202920053122269
0.9929760021500655
1.0015824634588408
1.020682075771503
1.010687307458701
0.9793202112763217
1.0008244930938968
1.0079548431685545
1.0059152486922311
1.0052063763003918
1.0032192193393257
1.0037679526581051
1.004132866991405
0.9996857225501535
0.983544953442851
1.0092127331065874
0.9934891893200618
0.98494219399679
0.9918871529912596
0.9964211052744933
0.9936497379642207
0.9771402240104412
0.9964100035672019
0.9907785675303551
0.9635678752080984
0.9883681152208074
0.9882186456372702
1.0336616697216707
0.9807620606634911
1.0101247021945954
1.0164388059129927
0.9992721729902961
0.9858952071195958
0.9790097668025388
0.9940685502364874
1.0023353577973724
0.9913397637544374
0.9901381273350588
1.014096766847591
0.9945785450432534
0.9924661788479414
0.9861927363864826
0.9981461088371189
0.994811848874135
1.0083629787789052
0.9983536572794811
0.9995151592075694
1.0047163895789974
0.9868794679057707
0.9826570799342265
0.9863900414952741
1.0112833575191327
0.9956315381193822
1.0116787817422919
1.0052863112860118
0.9886677747479649
0.9688260551837374
0.9853923127813607
0.9712659061638409
0.9955378131384328
0.9813503338648518
0.9946632084507419
0.9901709830567756
0.9937090202975659
1.0096591035533629
0.9825760573077754
0.9922255660702956
1.0105110271446633
0.9961389139218836
1.0137419535821852
0.9986606678671441
1.0270446963014979
0.9781755200436837
1.0000539114286433
1.0075424351663627
1.001240346578331
1.0247060419051819
1.0085375489629027
0.9786004899698966
0.9936765961509535
1.017487520524748
1.0138094886087992
0.9795504908713243
1.0219341744189392
1.0086509260781857
1.0125264540921146
0.9983490867363409
0.9977863761583582
1.002212579426643
0.988294792354219
0.9868470502141697
0.9805248785551083
1.018556136845173
0.9843800099783273
0.9939679501904628
0.9934144479420663
1.0156675424872295
1.0099770665685495
0.9822166319903596
1.0044098234442187
1.021664343091966
1.000465395749286
0.9824324558973213
1.0000501527642736
1.0072673912846883
1.0029109141006962
0.9948769380795339
1.013990377508137
0.9948843452187406
0.9850904431207973
0.9807892968129949
1.0189020696900901
0.9909230181788198
0.9871189301040979
1.0037481945700115
1.003855755296939
1.0011025438767254
1.0049946549583106
0.9826743144212788
1.0063939775164767
1.035670443269286
0.9852195184697214
1.0095705802572097
0.981707446961413
1.0002324628982282
1.0185745220270426
0.9833500665449838
1.0070491164595714
1.0141215122521805
0.994035347331343
0.9977857358236595
1.0173672990078217
1.001611222777163
0.9978902627777487
1.0044005537798646
1.0059490028883196
1.0060467941787268
1.0027604807694965
1.038908787653321
0.9904546394122012
1.0333183808657702
0.9808721631643801
1.0003936614261835
0.9893862622515804
1.0204291005206594
1.000466493134016
0.9811704866759028
1.001615268330617
0.9976924593199413
1.015059597862613
0.9824344139313075
1.002863136317656
1.0018613920596295
0.9871302735405111
0.9940424891923986
0.9933901129340978
1.0104984220137319
1.0002138348634853
1.0152078275751002
0.9977428099455282
1.0120995686989902
1.0133461788932934
0.9921559244674533
0.998875343853006
1.0129973150181615
0.9885829295654327
0.9994823585893079
1.0110183330613365
0.9898082438536241
0.9766244857494244
0.9924295853779084
0.9938647194002699
1.0006296871827818
0.9979450170868871
1.012411126045781
0.9746363511515271
1.0141731644047296
0.9980735101452564
1.001682709100854
0.9937656578607833
0.9980239878535981
1.0119158320998989
0.9902384662692211
1.0016197814134256
1.0022992457334314
1.0124048149781513
1.0097631211325648
0.9943236001313116
1.0088880139765493
1.0200809021085395
0.9966340332577536
1.0228686793421395
1.0018402439261938
1.0204665636405583
1.0093302460283642
1.0076690026137474
0.9986125799140536
1.0087559386577798
0.9838290738551817
0.9852687448343487
0.9972323742693033
0.9883800854336792
0.9930273290681908
0.99239501767327
0.98957116799753
0.994825496224148
0.9916343178682322
0.9972812551829945
0.9972222170101688
1.0022004391412969
1.0053840673275967
0.9993005789739583
1.009614825837796
1.0156165935542494
0.996029736930981
0.9930310716859768
1.0157494719795008
0.995524686108683
1.0106287433475774
1.0162880487554284
1.012370640855539
1.0062652698309789
1.008654053834466
1.0003321385378718
1.0097170903138106
0.9950575917152215
0.969728099051762
1.0085821090629727
1.005404402050038
1.0071858547871555
1.0291078632122634
1.0195460647304513
1.0286192066505893
0.9937257999009316
0.9694922651374573
1.0076663929973806
1.004200022366269
0.9939650907381499
1.0060960596773705
1.0193520090670283
0.9941403078491813
1.0291602964162108
0.9736282930811939
1.0107896831939942
1.0200224515901473
1.002140476967418
1.0046531132958736
1.0074721355114826
1.00518068505614
1.0024426603693737
0.9941301643383178
1.0255100954358911
0.9775892248937073
1.0061862126972867
1.0035688236487026
1.0189722357303397
0.9888610807569862
0.9857195163611603
0.9621509069531998
0.9936918409473809
0.9936046406198339
0.9932690977842359
0.9977905338723373
0.9835388795026552
1.0145245301545298
0.9997455781523331
1.0032411238537164
1.0339639085921792
0.9805048793478854
0.990804895531059
0.9965121414602296
1.0243944935432299
1.0030955537764017
1.0058714041791617
0.9932667102716453
0.9800250881550108
1.0374380829351089
0.99568353347504
0.9854621600810356
0.9837172593333602
0.9864994910366673
0.9970051498019952
0.9917018365901457
1.0370065052755424
1.0166882143895888
0.9806348845012471
0.9871585320607944
0.9603820553714306
1.0061934189452464
1.0085575178087463
1.0023953392665568
0.9987191265763468
0.989420165875509
1.0115350858159482
1.006936204285081
0.984671111943516
1.0041424634874856
0.9823361549605448
1.0000702466271996
1.0248329400001759
0.9847543283335038
1.0013622469829662
0.9888983310482791
1.0118871493358106
0.9862906495972986
1.003010273557312
0.999407990240793
0.980998020582569
0.9952300263542873
1.021797976736017
0.9945610357858082
1.0011054028645368
1.007405805667573
0.9900527903927007
0.9773630236045718
0.9823676625138033
1.0102976857370254
0.981665332238502
1.0049381835897626
0.9964605681602171
0.9844369963773816
0.9615834446185889
1.0146225901662294
1.0011153932837313
0.9958912321954265
0.9900814239497476
0.9857027728448241
1.0122872150777238
0.9931378678395638
1.0281733388100536
1.0114003724595646
1.016086316133179
0.9998757237476601
1.0037487335980133
0.9874248186380373
0.9986214627445903
0.997123958992401
1.0150678324163673
1.0022347059127426
0.9847917687832731
1.0190334012960847
1.0052994394018926
0.9792482279425382
0.9876650322769832
1.0164177311209281
0.9970500974322104
0.9971699881648827
1.0148093900115172
1.0260789772913224
0.9882228320916333
0.997456513991431
0.9929985333552127
0.9975521128931241
1.012127561590834
1.0174025297443123
0.9985677415856982
0.9979848492191462
0.9862305454487231
1.001399575710098
1.0160595228952012
1.000834139750195
1.010295067350772
1.0251004865575792
0.9877503575638893
0.9762638407724256
0.9944266899449263
1.0184479067580887
1.007764157988872
0.9815150754735195
1.0079132398028336
1.001707257207703
0.9964633037574158
1.0005937880905449
1.0079160943411674
0.9979655808727237
0.9935254513835616
1.012390237348409
0.997322007579975
1.0058087871594523
0.9908226625407067
0.9706476147757135
1.0199740135681585
0.9965454372603095
1.0019682176109346
0.9985928070215548
0.9884257547112307
1.0032757071763163
0.9912134001965642
0.9818002744852764
0.9963344485016196
0.9981367562630978
1.0123875317866542
1.0147365904837728
0.9949321426463074
0.987751161688542
0.9937835109695203
0.9956468198482901
0.9964975826490218
0.9798576201557581
1.0052780279163003
1.0084329196804318
0.9895162895468754
0.9997608669502372
1.0141561688470884
0.9930049682983452
0.9984844148269423
1.0001467841180536
1.0107786741026556
0.9795131420978396
0.9993805736550947
1.009529201847238
0.9927354548800429
1.012373641279553
1.005934448128567
1.0030379151570774
1.0082415629717436
1.001552063717321
1.0135711626934631
1.0111788805891355
0.9973828271830182
0.9911925976710331
1.006098109886164
0.9635109549473061
1.0190502811668525
1.0252412438554481
0.9889186888088656
1.0159614382813567
1.0008167469012479
1.0095524655576233
1.01444867288578
0.9861756567536324
1.0155390349075923
1.0071873285454485
1.0125938459760504
0.9854184653154323
1.0289222914650775
1.00475632541997
0.9826526885035768
1.0143697246679617
0.9733789567064769
1.0099291167096136
0.9895307218272228
1.0273333594377372
0.9980496923838478
0.9813268297638712
1.002618548106518
0.9944076437762731
1.0241580337810265
0.9957378818099718
1.0004584129685374
0.9972783842320384
0.9905734974264787
0.9999136940408356
1.0031494171371536
0.9793079745325678
0.9861661196879097
1.0065535545243527
1.0097789570115159
0.9943918323896503
1.0057628576286066
1.0118903691057093
1.0264208842495486
0.9872434045967562
0.9923354476825812
0.9999607222830232
0.9863386834033661
1.0111068942877823
0.9889136178989967
1.0328799653663685
0.9922090849500425
1.0197695997317462
0.9833115779736057
1.0006176139165408
0.9959616312951457
1.0117453850644753
0.9887969983890341
1.0156451732734826
0.9899197090929073
1.0083781117369268
0.9847865466998559
1.005006573087144
0.9986401894543605
0.9991252199842424
1.0065473883102471
1.000000475598481
1.006075012924419
0.9986737411552608
0.9892218492806315
1.0164680189917144
1.0080034516317575
1.0230709228875825
1.0339888181796277
0.9951151174186015
1.0259446472597737
1.0085693829108093
1.0136147992746845
0.9889706696019138
0.9781149422168435
0.9953034635593756
1.0123093262529927
1.014682477604072
1.007591611021602
1.00570482328538
1.014061105837339
1.0012497550182842
1.0005092578639476
0.9739578245379426
0.9969933375530675
1.0106404496139838
1.002643320593946
1.0157849251403934
1.024066045449272
1.0043691898695764
1.0174726963193967
0.9898471439974731
0.9927701833742306
0.9853918134154449
1.008536785306708
0.9933493577548467
1.0325318076898058
1.0009449793807386
0.9668506883663864
1.0058458889844142
0.9900979664080988
0.9972577056562645
0.9985038762930878
0.9910933212331262
1.0052699773196871
1.0034214746492864
1.000595805759393
0.9833381544558041
0.9913594540879834
1.0037496790249358
0.9858840765577407
1.0132124220990402
0.9960687823741167
1.0080719282154635
1.0126325952506443
0.9777661991111537
0.9914723559101102
0.9999796212669239
1.0159428738515714
0.9908455648186528
0.9867980326783505
0.9892622506042309
0.9951675293769247
0.9725257091070907
0.9927574889438947
1.0028911914278182
1.0362912584773543
1.0087502381117373
1.001610028682095
1.0056788367680862
0.995571076274432
1.0038867256136417
0.989135542660747
0.9764884051788696
0.9968722654879311
1.0059838804985703
0.9767815684848378
0.9866416670434418
1.0184307671732307
1.0147735832261815
0.9780104487413419
1.0174473889448281
0.9812929705816591
0.9964472796924726
1.0254449572343423
0.9903312673217406
0.9970598772251344
1.0036864659685805
0.987528365771893
1.0116369152700313
1.0043406952858247
1.0018183170715718
0.9997221678785455
0.9987292204444489
1.0013648551766914
0.9693813415413459
0.9841750154041015
1.0162932850886748
1.0038816004994144
1.0143406664183765
1.008711294978245
1.0195293813273456
1.0247022816485338
1.0082737411270382
0.9774803122276015
1.00773909254014
0.9892062256499277
0.9902812799105614
0.9790245475604215
0.9946236189548625
1.0112127516033973
1.0051467525808337
0.9908355902616754
0.9935409938525367
0.9771092022440678
0.977964714828621
0.9837501858695046
0.9832284145911842
1.0208294637791826
0.9972968299923466
1.0002407184847353
0.998736901241649
1.0211179829415358
0.9860829029047797
1.0172836025791032
0.9712593861856871
0.9930835009721934
1.0216869944557112
1.0165923943144288
0.9906797483019154
1.005559311212784
1.0108626651768986
0.9876231876561774
1.0165613570393977
0.9916334319568841
1.0281994120059461
1.0012096955933711
1.0083203655094715
0.9731673503254329
0.9883208709361281
0.9785118184364108
0.9927922026897553
1.0023102192443503
0.9823761137889445
1.0041652688637652
1.0203284973551612
0.9688159981624735
1.0177518351209662
1.0078745995825928
1.0014683883553575
1.0246510270035356
0.9923103605095442
0.9978870445512571
0.982869890916893
1.024141651335536
1.0009139685944137
1.0110257074884055
0.9854527296745433
0.9878802193661954
1.0214505947140926
0.9788894907525495
0.9981193052886254
0.9866362698543947
1.0100675635618814
0.9993824403941178
1.0087900843311066
1.0027539892136073
0.9884186481423176
0.9929419855832703
0.9877244140374143
0.9862911086286553
0.9957418764657935
0.9897451924063809
1.007672282877862
1.0062204852841856
1.021909450244589
0.9879766779013353
1.0155414484041434
1.020965233964814
1.0107286683061263
1.0095847702386411
0.9795971422035714
1.0030719291218786
0.9996415481186329
1.0073470726614118
1.0110245474291817
0.9787611802427123
1.0040211147943074
1.0048859702589779
1.005848699228338
1.0110551403480694
1.0006914864956484
1.0047672386762625
1.018428014427783
1.0036905015519046
1.0010365482767762
0.9861130733077387
0.9636179036519111
1.0081616395429662
1.0038661177969381
1.0023021248915398
1.0063370105617182
0.9980267785056718
1.009318961633036
0.9940093594136258
1.0125386902419184
1.0203972044940839
0.9974540100031821
0.9934619881445433
0.9861761253584083
1.0013547960922835
1.0007633077831346
1.0155178249172607
0.9991974853093032
1.0128482849578746
0.9869403695918133
0.976721713791487
0.9978612810215595
1.006570366136365
1.0074332142301197
0.9980147757630988
1.0295309164048496
1.0059903995006847
1.033209857525684
1.0024336517544
1.0128166588991936
0.9950854850793419
1.0039134875775697
0.9971649527427227
1.0086533485368758
1.0242632779796805
1.0115118759544508
0.9923626308267883
1.0196635043043099
0.9971948481756884
1.0006796869692558
0.9689936047316244
0.9913523767704951
1.0132399151898053
1.0416727449913814
0.998848330554543
0.9889555709532575
1.0022718055171682
0.985016077884704
0.991829912847224
1.0410320971299065
0.9826957588332623
1.0082550089378084
1.01255480292136
0.9864713074899801
1.0046119618584943
0.9932077232988731
1.0021094929634309
1.0122547147253367
1.0045401105636569
0.9896468321086201
1.0002790026292734
0.9933247363774592
1.010308758904198
0.9933398322587447
1.0266519349375565
1.0186619014735483
0.9877095695013419
0.9946018770870139
1.0164452006571918
1.0013979102698685
1.0187350025876918
0.9952874213552342
0.9977603164782761
1.006152819749805
1.0034252054878896
0.9974605339349301
1.0004949263774077
0.9966384178957874
0.9963924306809021
0.9774315093355607
0.9993529751563156
1.0089312895818852
1.0014348888724114
0.995986879650897
1.0354180061309217
1.01694918277243
0.9940130081025025
1.0271168766170293
0.9841679268678094
0.9838984621258245
1.0101760076752495
1.018891521537324
1.0211873631310078
0.9841785390407166
0.9918190172543881
0.9937679271815694
0.9961847345971334
1.0076626529732187
1.0091032863688765
1.0100821737165857
1.0195389745659622
0.9805781297844592
0.978584066435779
0.9990455946428676
0.9771715276326258
1.0080513919346785
1.0262538268974417
0.9979371339879936
1.0064461675807759
1.0104861520239625
0.9952283340625413
0.983576805186162
0.9696098003997854
0.986973938571452
