x
0.0100730058823775
0.0103351425963293
0.00952090653607026
0.0104467259668447
0.0113123539070516
0.0100351971323967
0.00935587527905884
0.0097012364121849
0.0103314896446603
0.00987518591270403
0.00987046330136712
0.00977260526556164
0.0102423136854491
0.00987024328420182
0.0104765270747849
0.009624714487019
0.00966488305081691
0.00883237904108232
0.00869332223962441
0.00965556676417497
0.00916146727467759
0.0107215904447177
0.00965122072635212
0.0106253750981723
0.0102050846587409
0.00979146818455959
0.0101383026922203
0.0100440629091527
0.00908295946817565
0.0104834304057361
0.00987264008126133
0.0109402269991037
0.0104233504177139
0.0100023354231242
0.00951311782509418
0.00999620410310993
0.0103655899113614
0.00937284513938899
0.00966241602899214
0.00904562060943315
0.00917458751877334
0.00927297765504806
0.00929897424130318
0.00942089354188429
0.00982285733736354
0.0101754934066664
0.00982142137012221
0.0108510574847064
0.0102344465186291
0.00994308984190467
0.0104930036309929
0.00982481718470737
0.0096776675174139
0.00993240549357245
0.00938703197331554
0.0105297319446372
0.010161934598849
0.00968591487669894
0.00984835461763298
0.0107722583839416
0.00989660766589073
0.00995663963796336
0.00984956837727183
0.00979837796322887
0.0101430692810468
0.0100654757205333
0.0101497402333287
0.00939153726331464
0.0101504495672939
0.0106012411958545
0.0102353189611232
0.00982668639733374
0.00929759349324161
0.00982741893092913
0.0101126925703776
0.0096936727040915
0.010685380010571
0.010699960110211
0.00996426508281427
0.0100734166713908
0.00932946377893409
0.00991648408008346
0.0101600116019247
0.00988083511216964
0.0104435620702521
0.0102199673224078
0.00950911894946619
0.0101431260710205
0.00957627590070622
0.00925258456579365
0.0100228441293988
0.0103660810076697
0.00970148323590818
0.00937361410006395
0.00901711650775509
0.0100270156480228
0.0098742210910256
0.0101664442535789
0.0104580696911913
0.00987624541029209
0.0102960937279678
0.00962131105155588
0.0107812176899571
0.0100386557679871
0.0100892714894773
0.0103354291223832
0.00908794283144758
0.010669453620817
0.0100383916642456
0.0108331447739184
0.00964699720025446
0.00976066602542811
0.0107707763253829
0.00974942197850402
0.00952819157460077
0.00990792205523287
0.00981631321551597
0.0100371374451014
0.00951722970045297
0.0102811263788155
0.0104787181701589
0.0102259276527322
0.00994888746771071
0.0103421741130291
0.00986204783197523
0.00945669912891173
0.0102966059199
0.0104289111492818
0.010130802551075
0.00908589341531884
0.01055175819309
0.00955068655924436
0.00978537039488288
0.00900613433180586
0.00994657535388315
0.0102893935821138
0.0108180797515365
0.00997913342183672
0.00960972991360864
0.0100906262701005
0.0110967363653111
0.00917725247480623
0.0104042912373699
0.0101723744234494
0.0100548890400598
0.00906874320119349
0.00932962416832806
0.010366907886125
0.00967534482161864
0.00957913491487688
0.0109319993307067
0.0101825408117933
0.010464418006017
0.00954714596772683
0.0102592852959112
0.0102613954925307
0.0103005000013348
0.00979273298686656
0.00972065601399174
0.00999659940656493
0.00911768606880947
0.00917177166288667
0.0100313429754125
0.00944490276905787
0.00969448771568635
0.01145255319365
0.0106512623995109
0.0104427969817269
0.0103705224774563
0.0111091735723099
0.0111653597549971
0.010045786419445
0.00975207665085579
0.00951236651915483
0.01014060360985
0.0104307973107071
0.0107316966052205
0.00936741386180366
0.00981654211354427
0.0106281341607181
0.0101229187205327
0.00995098808361811
0.0111771875856079
0.0097914414803498
0.0101553673823897
0.00959591979841615
0.00990603142106137
0.0105144023832583
0.0100005503466412
0.00915811594862136
0.00999315364284883
0.0095393695281183
0.0100332463018946
0.00936910259700976
0.00982704630316295
0.00956693431249572
0.00981623262618053
0.00971820942381535
0.0095931329938061
0.0101933335435958
0.0104198189490508
0.0104021223083154
0.0102637394588485
0.0100981673604539
0.0107814293781186
0.0107982287809238
0.00973278837259048
0.0100640953722347
0.010028019583394
0.00971356679119505
0.00973184446108849
0.00996966042505743
0.0102005405961905
0.0103370741497531
0.010164783314665
0.0102544398796655
0.00964766896464636
0.01025045563718
0.0105357361740608
0.00972384286316776
0.00992549924856765
0.0103391346142135
0.00995934398283713
0.0106195840654501
0.010178716188312
0.00983424702328957
0.0101028795257322
0.0106498307972276
0.00947329438746296
0.0100463378596017
0.010140877632085
0.0101634352977829
0.0108684252709782
0.0088032109201095
0.0102106840574404
0.0101997770643762
0.0094592014144161
0.0111471414319764
0.00900125461299385
0.00974355429025014
0.0103599293007248
0.00911343307638554
0.0103201139189464
0.0104127002519268
0.00939795307815213
0.0108461740288384
0.010163270665577
0.0106305192295015
0.00956031056803054
0.00967276801874708
0.0101008812909921
0.0105452554404014
0.00993084715071017
0.0106327855747621
0.0107000095583467
0.00949300570423225
0.0101689621651962
0.00984093226861995
0.0113241113505792
0.0106013381695306
0.00932716333221595
0.00961760399756769
0.00972915519587992
0.00958392742877782
0.00970377914775527
0.00941711490309088
0.00874547685819646
0.0101921158897673
0.0105094564922049
0.0108478653872625
0.0100059450716468
0.00955823550569115
0.0100352369175713
0.0102647232656502
0.00932466236206934
0.00948745550875578
0.00943451638612972
0.00976995513281168
0.00976360991467541
0.00951612838881848
0.00998444300163458
0.00956506619640319
0.0108004769341928
0.00930014558514928
0.0100231185420682
0.00957074206198826
0.0105281759924332
0.00989757748543995
0.0100324537095703
0.00970330909755734
0.00991430414818381
0.00942410422949548
0.0099387182125912
0.0100280605831971
0.00996242019915665
0.00940718337511494
0.0103504682049746
0.0096947359258684
0.00975531521722469
0.0099610590413523
0.0102932475983536
0.00935676653004417
0.0101037134386079
0.00949796470867582
0.0099838962753761
0.0100404199398585
0.0100273187914282
0.0100087820384397
0.0105407994031198
0.00966561540078264
0.00958362643120296
0.00926352136651705
0.00915401104251158
0.0100244072670915
0.0102863141989865
0.00965288649025794
0.00962037287348396
0.0106917559165732
0.010805801872013
0.00990809357790345
0.010214319723078
0.00938260245453867
0.0103077902686379
0.00955501902725593
0.00934466538979651
0.0110117137896214
0.0104986690269599
0.0101642882069367
0.00963186343723462
0.0101363130749482
0.0101135297733545
0.00988085499661729
0.0102991767126777
0.0108804424281493
0.0100911751087934
0.00951955814799554
0.0103605101122655
0.00987190531152084
0.0103614688862349
0.00999615392029157
0.00935276806979652
0.00970746835622193
0.00916871238523079
0.00942747871147616
0.0104186830180459
0.0098877263066366
0.00951582738916125
0.00945766075362402
0.0103438013267284
0.0100845918264724
0.00961687541982627
0.0100546351940327
0.0101102613376937
0.0095105980859888
0.0102165448455549
0.00971008610081956
0.010283435429378
0.0100481195593208
0.0104328842582812
0.0100366408009922
0.0106807402973825
0.0100615747738242
0.00990195627801556
0.0109215553362846
0.00932842927696901
0.0101012230470385
0.00972518813326237
0.0108500510797776
0.00974795145960624
0.00994219955406835
0.00965148980117865
0.010672387143781
0.0106640469549599
0.0112328271021771
0.01048162911759
0.00974099986740782
0.00971126976547625
0.00993369439060392
0.0104612887709238
0.00917814462792428
0.00979315921066861
0.0109509255009849
0.00996663426690883
0.00973177284564631
0.0103307836086139
0.00982050893776362
0.0094580890613787
0.00998002843889681
0.0105317954822617
0.0100068811902654
0.00964155766725905
0.0104106596990228
0.00940973427364779
0.0100879659762415
0.0101247687162814
0.0104451573449635
0.0102811025308056
0.0101927602336033
0.00929815295577298
0.00933153272343521
0.00982678660574555
0.0100645441331277
0.00995236505164253
0.00951341671684146
0.0103519744607972
0.0103234591234711
0.00955494649151472
0.00964653425240359
0.0100633762449541
0.00911207406009895
0.00945865082800978
0.0106210757653775
0.0106674823393041
0.00982527470331702
0.0105603838209133
0.0101208285254279
0.00967284978388706
0.00947248733613774
0.0107841683148444
0.0104536653623346
0.00979017101746527
0.00884842507658008
0.0103789996447305
0.0100769122829611
0.00942862510056339
0.0103180048313645
0.00997259303080482
0.00928357148697969
0.0102354613089613
0.0094241074330835
0.00979505311626456
0.010154584826766
0.00993172842141878
0.0100834777139139
0.00952229772723067
0.0100992631540238
0.00952637119112456
0.0102699606572119
0.0102823311481599
0.00976038608042261
0.010476210486836
0.0104580451412031
0.0100121534612197
0.00926993473344775
0.0103920441158418
0.00988095825909807
0.0103964675310892
0.00991771170054376
0.0100505408447946
0.00983089102331621
0.0100324331086571
0.00976592255947019
0.00991550474473363
0.0110001435418091
0.0104799625674993
0.0102780306149228
0.0100179763217408
0.00977637422564497
0.00898870431886402
0.0104057355178442
0.0100580271552528
0.0103007909800787
0.0099177926623474
0.0104581585197984
0.0105199900792771
0.00985453370796706
0.00925261231012593
0.0094749667100965
0.0102795885239751
0.0104834502929427
0.00955923879414618
0.00989320352626719
0.0101404705656819
0.0100060782825341
0.0107112682819205
0.0104927260256835
0.00963363430874389
0.00946172945036303
0.00985654816347201
0.0100034505838685
0.0100384872796079
0.00960461057444564
0.0107106214249989
0.0103297440876953
0.00909571717778026
0.00975636052754931
0.0102360678153462
0.00931872472857689
0.00985731611286543
0.0097484985666495
0.0101667019789423
0.0094960895256085
0.0111141649920852
0.0099743502153678
0.00995171845668959
0.0106884011586093
0.00890422458695564
0.0102295557260666
0.0104179981880105
0.00919180211387543
0.00963963168748209
0.00914354789278838
0.00968833463040228
0.0104577781724784
0.00935739915291167
0.0101176157376914
0.00991167542878328
0.00926000878299028
0.0104688070907658
0.0108943971605842
0.00996755186892133
0.00996705176883478
0.00987713776089122
0.00973363797882659
0.0102161148492258
0.0094021974557128
0.0100794100325584
0.00946906992758608
0.00975049334994139
0.0098913226308959
0.00948366561030387
0.0100772894663002
0.00973049971426499
0.0103059116223193
0.0097821558587997
0.0102930848708884
0.0100118203507128
0.00965904973550364
0.0107672664953644
0.00995743940877256
0.0106966846330271
0.0104532286336303
0.00994657077379092
0.0101247554445693
0.0103405491243985
0.00931904099715192
0.0105846128990895
0.0107778703095731
0.0102647797017548
0.0102743400522476
0.00950726327120853
0.0100001042971035
0.00948334767460542
0.00938336695848535
0.00973144634887464
0.00904738404856065
0.0094427453332791
0.0105011107464423
0.0104159533245513
0.0111953541251095
0.0104292714520807
0.0102026254011017
0.010064361766868
0.00954866381526568
0.00936971167323345
0.00934479915946925
0.0102251069321263
0.00931846142387959
0.0106620467660629
0.00977676651242376
0.0107074168906666
0.010672765857816
0.0103358977322889
0.00942495452507537
0.0100867445723896
0.0100174093508483
0.00987545301356327
0.00984348837856369
0.00995384867346273
0.0106630261239197
0.0103515893651122
0.00993635576768118
0.0093284058538049
0.0101144620613124
0.0101360857780467
0.00985756260068066
0.00976712146570973
0.00918549403549712
0.0104169684789513
0.00989617143672102
0.00975145079984354
0.00967156857953848
0.0105127324488567
0.00946506140954708
0.00966723554758543
0.0102625636268498
0.0102372278307432
0.0102550119824059
0.00966204282003905
0.0102442904531248
0.0101643886920097
0.0101055147087152
0.00943077574019232
0.00997755358858741
0.00944168181923553
0.00987950973331603
0.00966671768436732
0.00949120904118165
0.0100655356495149
0.0105054708715023
0.00915776398407645
0.0112037838660209
0.00936906534676825
0.0107480383643173
0.0107078892815438
0.0110800596137194
0.009616681832624
0.00952759774681056
0.00996041828582407
0.0103453372153689
0.00967390442488843
0.00980135249522053
0.0103817421521916
0.00981146590668439
0.0102170336406543
0.0098172643252154
0.0100518230069967
0.00976353382860979
0.0102783773102778
0.00974583600104576
0.0109967362234567
0.00986382699220687
0.00964030522842439
0.0098935971205417
0.00980810230092338
0.0107249037336147
0.0105674592766468
0.00966202447793874
0.00989687432947581
0.00980367286008118
0.0097997911279344
0.0101806690857037
0.010249285830263
0.00990527395109496
0.0106503476615816
0.0105151834801123
0.00898908666614164
0.0103524786180364
0.0100303115941707
0.00968734779690384
0.0103207460090428
0.00981032278850714
0.0103436393926818
0.00911414200885707
0.00990141934696151
0.00999101713464111
0.0100574066678851
0.00967804566299014
0.00956583068975839
0.0111158098928043
0.00989673359400041
0.0102143280771157
0.0103151959373345
0.00948243303235198
0.00968435346882184
0.00969145628976057
0.00959789489489659
0.00997308291448414
0.00906545804371387
0.0103800656025104
0.00938263854520771
0.0100888912382228
0.0102158285720963
0.00980909886670662
0.00951232584693482
0.00972672169277035
0.00937461806451485
0.00980348964271195
0.0101376157205587
0.00990232152801074
0.0100703917281186
0.01001393603936
0.010885910933543
0.0101246338085533
0.0101494952244959
0.0100746123386534
0.00977562773336274
0.0104277273188196
0.0101436917723337
0.00971899565794542
0.0096727129764075
0.00962078610225593
0.0102531159347079
0.00945639802092792
0.00988670548756795
0.0102459946397276
0.0103618361486486
0.0105743678049121
0.0105958997329618
0.00964114749894543
0.00961306873104425
0.010027023010958
0.00970855504734553
0.00898073884570676
0.00994173029225306
0.0106326160498158
0.0099855010271608
0.0108950199119599
0.00914716690064406
0.00996844903272758
0.00958835907183684
0.0102047764292006
0.00953985900448564
0.0100328447867726
0.00930042569601483
0.0100112293345227
0.00974165593998589
0.00980977397526355
0.010730852622237
0.0107613921851603
0.00949214933355359
0.009621898166433
0.0106774897983028
0.0103613362929632
0.010029109774898
0.0101343184380861
0.0101821151978085
0.0102260186399524
0.00921222859466064
0.00947332028614422
0.0108194392699833
0.0106206208552472
0.00923237979931739
0.010111766582591
0.00996477681112314
0.0092087777539789
0.010001680350567
0.0105397096564185
0.00967834337415068
0.0104439535213175
0.00968308416498192
0.00971267790728453
0.00936842139770204
0.0101527264928002
0.0101191212636221
0.00972939580880973
0.00969434956923966
0.0101948721391748
0.0100361985582876
0.0102653237291868
0.00978219797344591
0.0103634446427899
0.0108329705119265
0.0105521237841603
0.00892737778670881
0.00896437502280955
0.00987758159457956
0.00954598582469663
0.00994825034684034
0.00970483938334786
0.00953374287026169
0.00982368496638509
0.0102481005685709
0.00948190494195045
0.00964944626134057
0.00950916464450432
0.0096588087434634
0.00901269205669828
0.0100082936355279
0.00942324099665369
0.0102632501446768
0.00992403423635937
0.0102201134301296
0.00931448888848575
0.00999455171136122
0.00968627451430857
0.0101959504205002
0.00995082449061951
0.00961072704385462
0.00946815217763478
0.0100588451291045
0.00990544740957753
0.0102094943846019
0.00958234896182687
0.0102474272224141
0.0102206158576548
0.00994767514325989
0.00966776157238186
0.00915225081343847
0.00976587801683333
0.0101687015476919
0.00926543016049033
0.0103519045725275
0.00938644182521897
0.00943140045347017
0.0101736203441645
0.0103653301888283
0.00987847731220835
0.0101319754457324
0.00968240496048242
0.0102206503891568
0.0106761357204198
0.0100869332462113
0.00989201928368902
0.00949137587068796
0.0098327407897252
0.01028072827956
0.00995372914502135
0.0101685808988657
0.00969025466820167
0.00945082451016027
0.0108173397861124
0.0100016837140919
0.0100458598334466
0.00978183936223574
0.0106225130545997
0.0106568199879318
0.0101198674472441
0.00976974258117803
0.0102409581976855
0.0100411089145995
0.0100345135248342
0.009998592727559
0.0101480232222201
0.00971680275285865
0.0103285862439536
0.00996436802506511
0.00960479672044952
0.0100669429721485
0.010032249879127
0.00996829294116654
0.0103052520552868
0.00967259941017529
0.00960472088414424
0.0103001362640314
0.00955571255174875
0.0103254461445535
0.00979473480151621
0.0102783820378365
0.00938897479032886
0.0101558097337799
0.00999312149009256
0.0100170564243818
0.00964966795153612
0.0105273521145916
0.00933950442261034
0.0105169752866738
0.00945591472628929
0.0102462962851814
0.00959821503276566
0.0103590429996134
0.0103742187643467
0.00995256111390495
0.00974581215306918
0.00984151529982301
0.0107255627774866
0.01029925330549
0.0101606362149195
0.0103086488560887
0.00980880895982404
0.00989016495305399
0.0102388151450937
0.00925152767634131
0.0100929248014622
0.00954741796456854
0.0101845097355685
0.00990072227846448
0.0101527056983127
0.00903663510531351
0.00985960556405643
0.00977514896065941
0.00934998403507769
0.010897964375199
0.00926866007659694
0.010763461917434
0.00959981352801251
0.00964333928205624
0.0104919557630833
0.00985642406847685
0.0101774493134512
0.00945208841356935
0.0109871867929447
0.0108109926412163
0.010497467889447
0.0101380557251727
0.00996636939374372
0.00993561172232254
0.0105900534105728
0.0100795629570448
0.0099772911061841
0.00989621825538218
0.00962335739953162
0.00979753934371405
0.0103504659117808
0.0101498205164554
0.0108513169303132
0.00994398170599462
0.00955030525506004
0.00951476521238443
0.0102190629201187
0.0101143189299081
0.00946516052884647
0.00976337394895028
0.0105591377764731
0.00990814302307975
0.00984522498528467
0.00964808057900314
0.00993624916788853
0.0102575090031735
0.00977548286624697
0.00995163189137276
0.010679339045942
0.0100071813912104
0.010509665579286
0.0100227308046762
0.00968889542486384
0.0097957005302774
0.00976453981642084
0.00899763664275538
0.0107828628921222
0.0101233499459905
0.0100261227763344
0.00972644778629926
0.00952749168832767
0.00976555474822192
0.00981020167476583
0.0104938932971683
0.00957143410968189
0.010563659983061
0.0102536189973255
0.0106440124471328
0.0106885308200692
0.0104657136373874
0.00933660699423409
0.0106170734573791
0.0101835192817793
0.0101938655026354
0.0102542403717811
0.00935676711722763
0.0104604991122825
0.00985850657910794
0.0100341443087157
0.00997556397370243
0.00960318218552744
0.00998065121569437
0.0101604749322483
0.0109347826463666
0.00961607012030844
0.0104838575802022
0.0104847469128658
0.0103594689920071
0.00980786271680705
0.0102687022570064
0.0100905917522973
0.01010463922987
0.00988180005750255
0.010268357530293
0.00905191333711352
0.00992002933985836
0.00947365058107148
0.0112275829931026
0.00970121015647988
0.00940376174758507
0.0107148112803222
0.00968347530975142
0.00939011875515089
0.0102192503539507
0.00948472539269245
0.0101107080650925
0.00938238584042626
0.0103320649170591
0.0107926704928783
0.0105965794946807
0.00991519325615055
0.00980074645597681
0.0103823307395796
0.0101697727566952
0.0107272471340954
0.00937063236870111
0.00968440341566424
0.0103728146013132
0.0105172445704175
0.0100913705739588
0.00952450971295974
0.010032378979907
0.0104132645142055
0.0097246234700047
0.00993230496469421
0.00894900877749246
0.0095408937784407
0.00985813833530664
0.0100213781248371
0.00974358072954888
0.00931583870095159
0.0104060270371582
0.0105854947263971
0.0102628054166614
0.010207832962511
0.0099661845487414
0.0099795225285044
0.0101255614767897
0.0101627861125431
0.00993748193698517
0.00927738582635131
0.00862173022499176
0.00990684408997758
0.00949988697785822
0.0104081676171992
0.00976979107075845
0.00970476375315091
